01
T_ItoC0:
0.028252,-0.010380,-0.999547,-0.002892,
0.999601,0.000826,0.028244,0.000616,
0.000533,-0.999946,0.010399,1.322602,
0.000000,0.000000,0.000000,1.000000

T_ItoC1:
0.027567,-0.010379,-0.999566,0.001164,
0.999620,-0.000102,0.027570,0.087541,
-0.000388,-0.999946,0.010372,1.322414,
0.000000,0.000000,0.000000,1.000000

camera-imu timeoffset = -0.00558

(array([-0.002892,  0.000616,  1.322602]), array([-89.40415275,  -0.03053069,  88.38111575]))
(array([0.001164, 0.087541, 1.322414]), array([-89.40571725,   0.02225485,  88.42032889]))
(array([ 0.08700475,  0.00021774, -0.00160093]), array([-0.00156062, -0.03867195,  0.05316177]))


#open-vins
T_C0toI:
-0.009802,-0.007921,-0.999921,-0.035401,
0.999950,0.002106,-0.009819,-0.085839,
0.002183,-0.999966,0.007900,0.094323,
0.000000,0.000000,0.000000,1.000000

T_C1toI:
-0.012121,-0.007511,-0.999898,-0.034076,
0.999926,0.001127,-0.012129,0.056466,
0.001218,-0.999971,0.007497,0.094690,
0.000000,0.000000,0.000000,1.000000

camera-imu timeoffset = -0.01258

(array([-0.035401, -0.085839,  0.094323]), array([-89.54736496,  -0.12508247,  90.56157284]))
(array([-0.034076,  0.056466,  0.09469 ]), array([-89.57041284,  -0.06976809,  90.69448264]))
(array([ 0.14228558, -0.00007788, -0.00271928]), array([-0.02293577, -0.13241134,  0.05635598]))

02
T_ItoC0:
-0.006807,-0.008159,-0.999944,0.027504,
0.999976,0.001084,-0.006816,-0.027610,
0.001140,-0.999966,0.008151,0.934365,
0.000000,0.000000,0.000000,1.000000

T_ItoC1:
-0.007416,-0.008227,-0.999939,0.028204,
0.999972,0.000064,-0.007417,0.048426,
0.000125,-0.999966,0.008227,0.934190,
0.000000,0.000000,0.000000,1.000000

camera-imu timeoffset = -0.00723

(array([ 0.027504, -0.02761 ,  0.934365]), array([-89.53296403,  -0.06529268,  90.3900031 ]))
(array([0.028204, 0.048426, 0.93419 ]), array([-89.5286685 ,  -0.00712068,  90.42493523]))
(array([ 0.07602924,  0.00025174, -0.00121965]), array([ 0.00432657, -0.03442702,  0.05842446]))

#open-vins
T_C0toI:
-0.010184,-0.008659,-0.999911,-0.012410,
0.999946,0.002105,-0.010202,-0.072959,
0.002193,-0.999960,0.008637,0.135768,
0.000000,0.000000,0.000000,1.000000

T_C1toI:
-0.013054,-0.008538,-0.999878,-0.011535,
0.999914,0.001261,-0.013065,0.054280,
0.001372,-0.999963,0.008521,0.135930,
0.000000,0.000000,0.000000,1.000000

camera-imu timeoffset = -0.01269

(array([-0.01241 , -0.072959,  0.135768]), array([-89.50510797,  -0.12562928,  90.58346232]))
(array([-0.011535,  0.05428 ,  0.13593 ]), array([-89.51177979,  -0.07863005,  90.74796109]))
(array([ 0.12722351,  0.00009825, -0.00217169]), array([-0.00643172, -0.16404718,  0.0484513 ]))

03
T_ItoC0:
0.004258,-0.010514,-0.999936,0.035264,
0.999989,0.001910,0.004238,-0.032827,
0.001865,-0.999943,0.010522,-2.583730,
0.000000,0.000000,0.000000,1.000000

T_ItoC1:
0.003416,-0.010955,-0.999934,0.037264,
0.999994,0.000886,0.003406,0.050049,
0.000849,-0.999940,0.010958,-2.583703,
0.000000,0.000000,0.000000,1.000000

camera-imu timeoffset = -0.00955

(array([ 0.035264, -0.032827, -2.58373 ]), array([-89.39712586,  -0.10688183,  89.75603034]))
(array([ 0.037264,  0.050049, -2.583703]), array([-89.37213925,  -0.04862723,  89.8042905 ]))
(array([ 0.08288369,  0.00011024, -0.00164835]), array([ 0.02502096, -0.04763841,  0.05873686]))

#open-vins
T_C0toI:
-0.012308,-0.007456,-0.999896,0.036025,
0.999920,0.002870,-0.012330,-0.029208,
0.002962,-0.999968,0.007420,0.112560,
0.000000,0.000000,0.000000,1.000000

T_C1toI:
-0.008923,-0.008897,-0.999921,0.035891,
0.999960,0.001056,-0.008933,0.047477,
0.001135,-0.999960,0.008887,0.111022,
0.000000,0.000000,0.000000,1.000000

camera-imu timeoffset = -0.01214

(array([ 0.036025, -0.029208,  0.11256 ]), array([-89.57483678,  -0.16972531,  90.70524107]))
(array([0.035891, 0.047477, 0.111022]), array([-89.49081975,  -0.0650609 ,  90.51122699]))
(array([ 0.07667594,  0.00175906, -0.00082293]), array([0.08383595, 0.19473301, 0.10321545]))

06
camera-imu timeoffset = -0.01269

T_C0toI:
-0.011,-0.009,-1.000,-0.051,
1.000,0.003,-0.011,-0.090,
0.003,-1.000,0.009,0.117,
0.000,0.000,0.000,1.000

T_C1toI:
-0.012,-0.009,-1.000,-0.052,
1.000,0.003,-0.013,0.080,
0.003,-1.000,0.009,0.117,
0.000,0.000,0.000,1.000

(array([-0.051, -0.09 ,  0.117]), array([-89.48963107,  -0.17321842,  90.62416389]))
(array([-0.052,  0.08 ,  0.117]), array([-89.51869974,  -0.20167408,  90.708777  ]))
(array([ 0.16998888,  0.0005021 , -0.0008744 ]), array([ 0.00016598, -0.08592971,  0.0002586 ]))


T_robot_c0

01 (array([ -1.95126935,   1.85157151, -87.53014401]), array([-0.05636492,  0.01719663,  0.07125976]))
02 (array([ -0.86982649,   0.45720341, -88.36078531]), array([-0.0248884 ,  0.04051865,  0.09980853]))
