%YAML:1.0
---
only_obs_det: 0
data_path: /media/usb0/exp_0702/img/
save_path: /media/usb0/exp_0702/result/

#data_path: /media/usb0/other_data/11/10/
#save_path: /media/usb0/other_data/11/10/result/

rknn_model_path: /data/ttt/initial/yolo_self_onnx.rknn

# 障碍物mask参数
use_iou: 0
h0: 0.02
d0: 1.05
wls_lamda: 5000.0
wls_Sigma: 1.5

# 障碍物轮廓提取参数
min_area: 200
w_offset: 15
h_offset: 15

# 距离尺度
scale_offset: 1.05
# 物体检测打分机制权重
w1: 0.3
w2: 2
offset_x: 0
offset_y: 0
offset_z: 0
# 可以通过的障碍物最低高度(mm)
obs_min_h: -150
# 毛毯最低高度(m)
min_carpet_h: 0.00
# 毛毯最高高度(m)
max_carpet_h: 0.05
# 物体检测范围
obj_min_d: 0.25
obj_max_d: 1.8

# 相机参数
imageSize: [ 640, 480 ]
cameraMatrixL: !!opencv-matrix
   rows: 3
   cols: 3
   dt: d
   data: [644.6126210668648, 0, 303.8821823535764, 0, 643.7090776850615, 250.9043569521858, 0, 0, 1]
cameraMatrixR: !!opencv-matrix
   rows: 3
   cols: 3
   dt: d
   data: [650.5716415568914, 0, 293.2397112093441, 0, 651.7548337945116, 239.8575755931953, 0, 0, 1]
distCoeffsL: !!opencv-matrix
   rows: 1
   cols: 5
   dt: d
   data: [0.1972765452654024, -0.821175144853997, 0.001545334504963973, -0.006164976954199857, 0.894680869435443]
distCoeffsR: !!opencv-matrix
   rows: 1
   cols: 5
   dt: d
   data: [0.3413825977614348, -2.277197729486665, -0.0001774027333994896, -0.009222049424139622, 4.830534958514852]
R: !!opencv-matrix
   rows: 3
   cols: 3
   dt: d
   data: [0.9998136792184334, 0.0006320368108816753, 0.01929267677563975, -0.0006157331977611835, 0.9999994483391733, -0.0008509958743474391, -0.01929320399334423, 0.000838958174566585, 0.9998135168264393]
T: !!opencv-matrix
   rows: 3
   cols: 1
   dt: d
   data: [-117.8166905858287, 0.4178513284144075, 8.334983751593082]

Tcr: !!opencv-matrix
   rows: 4
   cols: 4
   dt: d
   data: [ 9.9921352120448370e-01, -3.8207945604766681e-02,
           1.0606221513780394e-02, 7.9327861821284685e+01,
           8.9129605254654101e-03, -4.4217904771811943e-02,
           -9.9898215000682677e-01, -1.1599575956862088e+02,
           3.8638040540478799e-02, 9.9829100456242403e-01,
           -4.3842582416392349e-02, -5.7083196898836142e+01, 0., 0., 0., 1. ]
Tcw: !!opencv-matrix
   rows: 4
   cols: 4
   dt: d
   data: [0.9998613930260787, 0.004426922294121998, 0.01604983161753834, 0.00081, -0.004747457841199377, 0.9997889387204514, 0.01998848809388965, 0.1799994361370056, -0.01595795663597199, -0.02006191344900429, 0.9996713776280529, -0.0036, 0, 0, 0, 1]



# yolo网络参数
cfg_path: /data/ttt/initial/prune_0.8_keep_0.01_12_shortcut_yolov3_sweeper.cfg
classes_path: /data/ttt/initial/sweeper.names
weight_path: /data/ttt/initial/converted(tune_160_0.8_0.01_12).weights
