%YAML:1.0

only_obs_det: 1
data_path: /media/usb0/other_data/11/exp_0702/img/
save_path: /media/usb0/other_data/11/exp_0702/result/

# 障碍物mask参数
use_iou: 1 #是否开启roi以提高程序运行效率
v0: 200  # roi区域上界纵坐标
h0: 0.02
d0: 0.75
wls_lamda: 5000.0
wls_Sigma: 1.0

# 障碍物轮廓提取参数
min_area: 200
w_offset: 15
h_offset: 15

# 距离尺度
scale_offset: 1.05
# 物体检测打分机制权重
w1: 0.3
w2: 2
offset_x: 0
offset_y: 0
offset_z: 0
# 可以通过的障碍物最低高度(mm)
obs_min_h: -150
# 毛毯最低高度(m)
min_carpet_h: 0.00
# 毛毯最高高度(m)
max_carpet_h: 0.08
# 物体检测范围
obj_min_d: 0.45
obj_max_d: 1.6

# 相机参数
imageSize: [ 640, 480 ]
cameraMatrixL: !!opencv-matrix
   rows: 3
   cols: 3
   dt: d
   data: [644.6126210668648, 0, 303.8821823535764, 0, 643.7090776850615, 250.9043569521858, 0, 0, 1]
cameraMatrixR: !!opencv-matrix
   rows: 3
   cols: 3
   dt: d
   data: [650.5716415568914, 0, 293.2397112093441, 0, 651.7548337945116, 239.8575755931953, 0, 0, 1]
distCoeffsL: !!opencv-matrix
   rows: 1
   cols: 5
   dt: d
   data: [0.1972765452654024, -0.821175144853997, 0.001545334504963973, -0.006164976954199857, 0.894680869435443]
distCoeffsR: !!opencv-matrix
   rows: 1
   cols: 5
   dt: d
   data: [0.3413825977614348, -2.277197729486665, -0.0001774027333994896, -0.009222049424139622, 4.830534958514852]
R: !!opencv-matrix
   rows: 3
   cols: 3
   dt: d
   data: [0.9998136792184334, 0.0006320368108816753, 0.01929267677563975, -0.0006157331977611835, 0.9999994483391733, -0.0008509958743474391, -0.01929320399334423, 0.000838958174566585, 0.9998135168264393]
T: !!opencv-matrix
   rows: 3
   cols: 1
   dt: d
   data: [-117.8166905858287, 0.4178513284144075, 8.334983751593082]

Tcr: !!opencv-matrix
   rows: 4
   cols: 4
   dt: d
   data: [ 9.9986747407577814e-01, -6.8226750805159024e-03,
           1.4781251302550086e-02, 8.5466398181509646e+01,
           1.4315421180575921e-02, -6.3904151457477243e-02,
           -9.9785336003990210e-01, -1.1690375058799215e+02,
           7.7526125755224985e-03, 9.9793271843909681e-01,
           -6.3798013033387904e-02, -6.1161879332575602e+01, 0., 0., 0., 1. ]
Tcw: !!opencv-matrix
   rows: 4
   cols: 4
   dt: d
   data: [ 9.9891118927664868e-01, 4.0807308919775132e-02,
           2.2587127948432290e-02, 0,
           2.4349424445028231e-02, -9.9876931040460548e-01, -4.3217051495200408e-02, 8.3540876399702356e-02,
           -3.9780750774797181e-02, -4.4163425280900871e-02, 9.9823163296266648e-01,
           -0.04, 0., 0., 0., 1. ]


# yolo网络参数
cfg_path: /data/ttt/initial/prune_0.8_keep_0.01_12_shortcut_yolov3_sweeper.cfg
classes_path: /data/ttt/initial/sweeper.names
weight_path: /data/ttt/initial/converted(tune_160_0.8_0.01_12).weights
